5252182418947626695
6814838128123965989
847937330102556906
5418708018755260834
2765420014023755572
1353143583217676153
228902610324519749
1929580957094870360
4752129180625831552
6120477233836020918
959712158590228778
6275297075436643695
7591367321519122234
3936028787197335235
892137256549144994
8714908925614611828
643101547225037720
2951719833649586638
8607808215680505626
8404337777389039472
2353773459449420020
4486590097712892915
5583045265837969141
3549770910221853033
3220809482967081372
628300374061827702
629205481980262627
5638422887830766801
32221905817058682
5790816219795178569
2842080713348665480
7730216391341787082
7670693495554901567
2693241075107500132
2299030376108680252
6281528114130690931
1085379213306053351
297697589417724453
633483697070130457
5681157699312337619
877339245358314457
8534845779416701749
5153110419364470471
8376944533092149355
6812387584839293563
5226192760351627254
4989080157371958802
1996748198651574949
5859115938356300943
7081474841780340661
7272997774903175961
7150190000750239078
5984750523362566410
6053559445204339789
2465785318948987568
5134609005466389338
8657860685217439669
8600482371951549018
7989003759253506356
3104881683605953425
8796396773043118345
9129243201332938252
7323168303393469587
2646845302564731784
6978117070953154043
5075693395825963202
3010023866149974061
7226153089917050234
5131039384230108923
3189179577811985484
3356683254449474036
2314117867279544318
4522027888948309155
2206333029696270737
2523849059979794535
8955192223453763907
6986546249005200801
1643016299095044277
8436512500961228045
5155391102128190217
3807053229078889727
6777432392301768314
135623573909113620
1907782086610321075
3602879935704422995
5015739393368006526
4058498790851812561
4964367781073200479
5756815541806073833
2341145313478105005
7366920960288422841
2237979485952669247
8486956407545553755
745848138729515315
1084222939631958558
6489021299373159319
7668063244683360481
5770319265793926269
3455040280856673860
7952878647174167870
